TIME MEM VIRT RES SHR CPU FREE SWAP
0:00.09 0.4 227504 8100 2896 43.8 1167.5 820.0
0:00.90 3.1 278060 58524 2896 43.8 1066.8 820.0
0:01.74 5.9 329276 109736 2896 53.3 969.0 820.0
0:02.56 8.6 381284 161744 2896 53.3 866.5 820.0
0:03.33 11.3 431048 211640 2896 43.8 790.3 820.0
0:04.15 14.3 487412 267872 2896 43.8 679.5 820.0
0:04.96 17.0 538232 318824 2896 37.5 578.3 820.0
0:05.79 19.8 589316 369776 2896 46.7 480.8 820.0
0:06.52 22.3 636968 417560 2896 43.8 403.7 820.0
0:07.34 25.1 689768 470360 2896 43.8 298.9 820.0
0:08.15 27.9 742172 522632 2896 43.8 195.8 820.0
0:08.96 30.7 794312 574904 2896 43.8 92.6 820.0
0:09.82 33.8 851732 632164 2868 43.8 99.7 812.7
0:10.64 36.9 910076 690492 2852 43.8 73.3 805.5
0:11.96 41.1 1002740 768288 564 37.5 73.9 559.5
0:13.87 43.1 1141340 806604 760 41.7 70.2 303.5
0:15.38 42.1 1254464 788176 996 36.4 76.0 140.7
0:16.58 42.3 1342640 790684 924 42.3 74.4 326.7
0:18.97 51.1 1511468 956636 1604 99.9 644.9 328.0
0:20.49 57.1 1622612 1.0g 1604 93.8 535.1 328.2
0:21.98 62.9 1730456 1.1g 1604 93.3 419.2 329.2
0:23.47 68.9 1843580 1.2g 1604 99.9 306.9 330.0
0:24.96 74.6 1949576 1.3g 1604 99.9 201.9 330.3
0:26.48 80.4 2058080 1.4g 1604 99.9 92.9 331.1
0:28.28 84.9 2189948 1.5g 1440 72.7 74.6 174.9
0:31.65 85.5 2437976 1.5g 960 76.0 73.5 0.0
0:33.01 87.4 2532488 1.6g 1412 10.5 1595.1 661.0
1587.8 661.0
1583.4 661.5
1582.7 661.8
1582.3 661.8
1582.8 661.8
1582.9 662.3
1581.4 663.3
1580.7 663.3
1580.4 663.3
1581.3 664.0
1580.6 664.0
1580.1 664.0
1580.4 664.0
1580.4 664.0
1581.0 664.0
1580.6 664.0
1581.3 664.0
1580.7 664.0
