TIME MEM VIRT RES SHR CPU FREE SWAP
0:00.09 0.5 228164 8652 2928 37.5 1166.8 820.0
0:00.91 3.1 278060 58548 2928 56.2 1067.5 820.0
0:01.73 5.8 328220 108704 2928 43.8 967.9 820.0
0:02.56 8.7 381416 162032 2928 50.0 865.9 820.0
0:03.34 11.3 430652 211136 2928 53.3 790.9 820.0
0:04.15 14.2 485564 266048 2928 46.7 680.1 820.0
0:04.97 17.1 539552 320168 2928 46.7 578.9 820.0
0:05.78 19.7 587204 367688 2928 40.0 480.2 820.0
0:06.54 22.3 636704 417320 2928 53.3 404.1 820.0
0:07.35 25.0 688052 468536 2928 53.3 299.1 820.0
0:08.16 28.0 742304 522920 2928 50.0 195.3 820.0
0:08.97 30.7 793916 574400 2928 43.8 92.0 820.0
0:09.82 33.8 851204 631660 2900 50.0 100.6 812.7
0:10.64 36.9 908756 689472 2896 43.8 73.9 805.5
0:11.96 41.0 1001420 767500 564 37.5 74.2 559.5
0:13.88 43.1 1139888 805768 760 50.0 70.2 303.5
0:15.37 42.1 1251956 787760 1000 31.8 76.0 140.7
0:16.58 42.3 1343432 790876 928 38.5 74.4 326.7
644.4 328.0
535.7 328.2
419.9 329.2
306.0 330.0
202.6 330.3
92.2 331.1
74.7 174.9
73.6 0.0
1595.0 661.0
1587.3 661.0
1585.0 661.5
1582.9 661.8
1582.5 661.8
1582.9 661.8
1582.9 662.3
1582.9 663.3
1580.7 663.3
1580.4 663.3
1581.0 664.0
1580.6 664.0
1580.1 664.0
1579.9 664.0
1581.0 664.0
1581.5 664.0
1580.6 664.0
1580.2 664.0
1579.9 664.0
